00602004138262
08411061711774
07899026478909
03474636974238
07908615060910
00731509996685
07898100862351
07898663252538
07899674028365
07891150021679
07500435228152
07500435233644
07898410313796
00731509996692
07896947091569
07908615026954
07896279126991
07896213319557
04654634860088
07896727946508
07896727945297
07896727946478
07896727946157
07896727945228
00000007075991
07891024029886
07891024136409
07891024023815
07891024136775
07891024179420
07891024131183
07891024136478
07891024131152
07891024130926
07891024136300
07891268400113
07702035833808
07891268400014
07702035833792
07891268400076
07891010973970
07891010973902
07891051037939
07891051037878
07500435019323
07506195129104
07506195129111
07891010974312
07891010880842
07891010987770
07891024131459
07891024136133
07891024030806
07896015530457
07898185411116
07898185413233
07898185410492
07891024039625
07891024040034
07891150071797
07891150071803
07891150071810
07509546662619
07500435183499
07500435183512
07891024028704
07891150071827
07895454817440
07895454817433
07891010245238
07891010987787
07891010245245
07891010880859
07891024028834
07898185414841
07500435183505
07898185411956
07896727946164
00000007076208
07509546679525
07896727946539
06372930405212
07896000714725
07896727946607
00000007076309
07896727946140
08411061878668
07896727946430
07896727946737
07891033932207
07898422753221
07891150063075
07898663110241
07897169261495
07897169263369
07896229909957
07896229909964
07896229982523
07896229987504
07908624500575
07908624500506
07908624500490
07908624500520
07908624500537
07908624500544
07908624500568
07908624500551
07896445900141
07896213320164
07896102203318
07896102203349
07896102203370
07896102203462
07896013558590
07896013537267
07896013537984
07896327310327
